1: 
  1 14  9 20 23
 10 19 22 15  8
  5  2 13 24 21
 18 11  4  7 16
  3  6 17 12 25

2: 
  1 12  9 18 23
 10 17 22 13  8
  5  2 11 24 19
 16 21  4  7 14
  3  6 15 20 25

3: 
  1  8 19 14 23
 18 13 22  9 20
  5  2  7 24 15
 12 17  4 21 10
  3  6 11 16 25

4: 
  1  6 17 12 23
 18 11 22  7 16
  5  2 13 24 21
 10 19  4 15  8
  3 14  9 20 25

5: 
  1  6 17 12 23
 16 11 22  7 18
  5  2 19 24 13
 10 15  4 21  8
  3 20  9 14 25

6: 
  1  6 19 12 23
 20 11 22  7 18
  5  2 15 24 13
 10 21  4 17  8
  3 16  9 14 25

7: 
  1 12 17 22 25
 18  7 24 11 16
 13  2 21  6 23
  8 19  4 15 10
  3 14  9 20  5

8: 
  1 12 17 20 25
 18  7 24 11 16
 13  2 19  6 21
  8 23  4 15 10
  3 14  9 22  5

9: 
  1 12 21 16 25
 20  7 24 11 22
 13  2 15  6 17
  8 19  4 23 10
  3 14  9 18  5

10: 
  1 12 19 14 25
 18  7 24 11 20
 23  2 13  6 15
  8 17  4 21 10
  3 22  9 16  5

11: 
  1 14 19  8 25
 20  7 24 13 18
 15  2  9  6 23
 10 21  4 17 12
  3 16 11 22  5

12: 
  1 20 13  8 25
 12  7 24 19 14
 21  2 15  6  9
 16 11  4 23 18
  3 22 17 10  5

13: 
  1 22 13  8 25
 12  7 24 21 14
 23  2 17  6  9
 18 11  4 15 20
  3 16 19 10  5

14: 
  1 16 21  8 25
 22  7 24 15 20
 17  2 11  6  9
 12 23  4 19 14
  3 18 13 10  5

15: 
  1 16 21 10 25
 20 11 24 15 22
 17  2 19  6  9
 12  7  4 23 14
  3 18 13  8  5

16: 
  1 16 19 10 25
 18 11 24 15 20
 23  2 17  6  9
 12  7  4 21 14
  3 22 13  8  5

17: 
  1 16 11 22 25
 10 21 24 17 12
 15  2  9  6 23
 20  7  4 13 18
  3 14 19  8  5

18: 
  1 20  9 14 25
  8 15 24 19 10
 21  2 11  6 13
 16  7  4 23 18
  3 22 17 12  5

19: 
  1 22  9 16 25
  8 17 24 21 10
 23  2 13  6 15
 18  7  4 11 20
  3 12 19 14  5

20: 
  1 14  9 20 25
  8 19 24 15 10
 13  2 21  6 23
 18  7  4 11 16
  3 12 17 22  5

21: 
  1 14 19 10 25
 20  9 24 13 18
 15  2 11  6 23
  8 21  4 17 12
  3 16  7 22  5

22: 
  1 20 15 10 25
 14  9 24 19 16
 21  2 17  6 11
  8 13  4 23 18
  3 22  7 12  5

23: 
  1 22 15 10 25
 14  9 24 21 16
 23  2 19  6 11
  8 13  4 17 20
  3 18  7 12  5

24: 
  1 16 21 10 25
 22  9 24 15 20
 17  2 13  6 11
  8 23  4 19 14
  3 18  7 12  5

25: 
  1 10 15 22 25
 16 21 24  9 14
 11  2 19  6 23
 20 17  4 13  8
  3 12  7 18  5

26: 
  1 10 15 20 25
 16 19 24  9 14
 11  2 17  6 21
 18 23  4 13  8
  3 12  7 22  5

27: 
  1 10 21 16 25
 20 15 24  9 22
 11  2 13  6 17
 14 19  4 23  8
  3 12  7 18  5

28: 
  1 10 19 14 25
 18 13 24  9 20
 23  2 11  6 15
 12 17  4 21  8
  3 22  7 16  5

29: 
  1 24 13 18  7
 14 19  8 25 12
  9  2 23  6 17
 20 15  4 11 22
  3 10 21 16  5

30: 
  1 22 13 18  7
 14 19  8 23 12
  9  2 21  6 17
 20 15  4 11 24
  3 10 25 16  5

31: 
  1 20 13 18  7
 14 25  8 21 12
  9  2 19  6 17
 24 15  4 11 22
  3 10 23 16  5

32: 
  1 18 13 24  7
 14 23  8 19 12
  9  2 17  6 25
 22 15  4 11 20
  3 10 21 16  5

33: 
  1 16 13 22  7
 14 21  8 17 12
  9  2 15  6 23
 20 25  4 11 18
  3 10 19 24  5

34: 
  1 14 25 20  7
 24 19  8 15 12
  9  2 13  6 21
 18 23  4 11 16
  3 10 17 22  5

35: 
  1 12 23 18  7
 22 17  8 13 24
  9  2 11  6 19
 16 21  4 25 14
  3 10 15 20  5

36: 
  1 10 15 20  7
 16 21  8 25 14
  9  2 11  6 19
 22 17  4 13 24
  3 12 23 18  5

37: 
  1 10 17 22  7
 18 23  8 11 16
  9  2 13  6 21
 24 19  4 15 12
  3 14 25 20  5

38: 
  1 10 19 24  7
 20 25  8 11 18
  9  2 15  6 23
 14 21  4 17 12
  3 16 13 22  5

39: 
  1 10 21 16  7
 22 15  8 11 20
  9  2 17  6 25
 14 23  4 19 12
  3 18 13 24  5

40: 
  1 10 25 16  7
 20 15  8 11 24
  9  2 21  6 17
 14 19  4 23 12
  3 22 13 18  5

41: 
  1 10 21 16  7
 20 15  8 11 22
  9  2 23  6 17
 14 19  4 25 12
  3 24 13 18  5

42: 
  1 10 21 16  7
 20 15  8 11 22
  9  2 25  6 17
 14 19  4 23 12
  3 24 13 18  5

43: 
  1 10 23 16  7
 24 15  8 11 22
  9  2 19  6 17
 14 25  4 21 12
  3 20 13 18  5

44: 
  1 24 19 12  7
 18 13  8 25 20
 23  2 17  6 11
 14  9  4 21 16
  3 22 15 10  5

45: 
  1 18 23 12  7
 24 13  8 17 22
 19  2 25  6 11
 14  9  4 21 16
  3 20 15 10  5

46: 
  1 18 23 12  7
 22 13  8 17 24
 19  2 21  6 11
 14  9  4 25 16
  3 20 15 10  5

47: 
  1 18 21 12  7
 20 13  8 17 22
 25  2 19  6 11
 14  9  4 23 16
  3 24 15 10  5

48: 
  1 22 17 12  7
 16 13  8 23 18
 21  2 15  6 11
 14  9  4 19 24
  3 20 25 10  5

49: 
  1 20 15 12  7
 14 25  8 21 16
 19  2 13  6 11
 24  9  4 17 22
  3 18 23 10  5

50: 
  1 18 13 24  7
 12 23  8 19 14
 17  2 11  6 25
 22  9  4 15 20
  3 16 21 10  5

51: 
  1 20 25 14  7
 10 15  8 19 24
 21  2 11  6 13
 16  9  4 23 18
  3 22 17 12  5

52: 
  1 22 11 16  7
 10 17  8 21 12
 23  2 13  6 15
 18  9  4 25 20
  3 24 19 14  5

53: 
  1 24 11 18  7
 10 19  8 23 12
 25  2 15  6 17
 20  9  4 13 22
  3 14 21 16  5

54: 
  1 16 11 20  7
 10 21  8 25 12
 15  2 17  6 19
 22  9  4 13 24
  3 14 23 18  5

55: 
  1 16 11 22  7
 10 23  8 17 12
 15  2 19  6 21
 24  9  4 13 18
  3 14 25 20  5

56: 
  1 16 11 22  7
 10 21  8 17 12
 15  2 23  6 25
 20  9  4 13 18
  3 14 19 24  5

57: 
  1 24 13 18  7
 14 19  8 23 12
 25  2 11  6 17
 20 15  4  9 22
  3 10 21 16  5

58: 
  1 12 15 20  7
 16 21  8 25 14
 11  2 13  6 19
 22 17  4  9 24
  3 10 23 18  5

59: 
  1 12 17 22  7
 18 23  8 13 16
 11  2 15  6 21
 24 19  4  9 14
  3 10 25 20  5

60: 
  1 12 19 24  7
 20 25  8 13 18
 11  2 17  6 23
 16 21  4  9 14
  3 10 15 22  5

61: 
  1 12 21 18  7
 22 17  8 13 20
 11  2 19  6 25
 16 23  4  9 14
  3 10 15 24  5

62: 
  1 12 25 18  7
 22 17  8 13 24
 11  2 23  6 19
 16 21  4  9 14
  3 10 15 20  5

63: 
  1 12 23 18  7
 22 17  8 13 24
 11  2 25  6 19
 16 21  4  9 14
  3 10 15 20  5

64: 
  1 12 23 18  7
 24 17  8 13 22
 11  2 21  6 19
 16 25  4  9 14
  3 10 15 20  5

65: 
  1 24 11 16  7
 12 17  8 25 10
 23  2 21  6 15
 18 13  4  9 20
  3 22 19 14  5

66: 
  1 22 11 16  7
 12 17  8 23 10
 21  2 19  6 15
 18 13  4  9 24
  3 20 25 14  5

67: 
  1 20 11 16  7
 12 25  8 21 10
 19  2 17  6 15
 24 13  4  9 22
  3 18 23 14  5

68: 
  1 18 11 24  7
 12 23  8 19 10
 17  2 15  6 25
 22 13  4  9 20
  3 16 21 14  5

69: 
  1 16 11 22  7
 12 21  8 17 10
 15  2 13  6 23
 20 25  4  9 18
  3 14 19 24  5

70: 
  1 14 25 20  7
 24 19  8 15 10
 13  2 11  6 21
 18 23  4  9 16
  3 12 17 22  5

71: 
  1 20 25 14  7
 12 15  8 19 24
 21  2 13  6  9
 16 11  4 23 18
  3 22 17 10  5

72: 
  1 22 13 16  7
 12 17  8 21 14
 23  2 15  6  9
 18 11  4 25 20
  3 24 19 10  5

73: 
  1 24 13 18  7
 12 19  8 23 14
 25  2 17  6  9
 20 11  4 15 22
  3 16 21 10  5

74: 
  1 18 13 20  7
 12 21  8 25 14
 17  2 19  6  9
 22 11  4 15 24
  3 16 23 10  5

75: 
  1 18 13 22  7
 12 23  8 19 14
 17  2 21  6  9
 24 11  4 15 20
  3 16 25 10  5

76: 
  1 18 13 24  7
 12 23  8 19 14
 17  2 25  6  9
 22 11  4 15 20
  3 16 21 10  5

77: 
  1 18 23 12  7
 24 13  8 17 22
 19  2 11  6  9
 14 25  4 21 16
  3 20 15 10  5

78: 
  1 24 19 10  7
 18 11  8 25 20
 23  2 15  6  9
 12 17  4 21 14
  3 22 13 16  5

79: 
  1 16 21 10  7
 22 11  8 15 20
 17  2 25  6  9
 12 23  4 19 14
  3 18 13 24  5

80: 
  1 16 25 10  7
 24 11  8 15 20
 17  2 21  6  9
 12 23  4 19 14
  3 18 13 22  5

81: 
  1 16 23 10  7
 22 11  8 15 24
 17  2 19  6  9
 12 21  4 25 14
  3 18 13 20  5

82: 
  1 16 21 10  7
 20 11  8 15 22
 25  2 17  6  9
 12 19  4 23 14
  3 24 13 18  5

83: 
  1 22 17 10  7
 16 11  8 23 18
 21  2 13  6  9
 12 15  4 19 24
  3 20 25 14  5

84: 
  1 20 15 10  7
 14 25  8 21 16
 19  2 11  6  9
 24 13  4 17 22
  3 18 23 12  5

85: 
  1 18  7 12 25
  8 13 24 17 22
 19  2 21  6 11
 14  9  4 23 16
  3 20 15 10  5

86: 
  1 18  7 12 25
  8 13 24 17 20
 23  2 19  6 11
 14  9  4 21 16
  3 22 15 10  5

87: 
  1 16  7 22 25
  8 21 24 17 12
 15  2 11  6 23
 20  9  4 13 18
  3 14 19 10  5

88: 
  1 14  7 20 25
  8 19 24 15 10
 13  2  9  6 21
 18 23  4 11 16
  3 12 17 22  5

89: 
  1 20  7 14 25
 10 15 24 19  8
 21  2  9  6 13
 16 11  4 23 18
  3 22 17 12  5

90: 
  1 22  7 16 25
 12 17 24 21  8
 23  2 11  6 15
 18 13  4  9 20
  3 10 19 14  5

91: 
  1 12  7 18 25
 20 17 24 13  8
 11  2 19  6 23
 16 21  4  9 14
  3 10 15 22  5

92: 
  1 12  7 18 25
 22 17 24 13  8
 11  2 21  6 19
 16 23  4  9 14
  3 10 15 20  5

93: 
  1 18  9 12 23
  8 13 22 17 10
 19  2 11 24  5
 14  7  4 21 16
  3 20 15  6 25

94: 
  1 20  9 14 23
  8 15 22 19 10
 21  2 13 24  5
 16  7  4 11 18
  3 12 17  6 25

95: 
  1 14 19  8 23
 20  9 22 13 18
 15  2  7 24  5
 10 21  4 17 12
  3 16 11  6 25

96: 
  1 12 17  6 23
 18  7 22 11 16
 13  2 19 24  5
  8 21  4 15 10
  3 14  9 20 25

97: 
  1 12 19  6 23
 18  7 22 11 20
 13  2 15 24  5
  8 17  4 21 10
  3 14  9 16 25

98: 
  1 12 17  6 23
 16  7 22 11 18
 21  2 13 24  5
  8 15  4 19 10
  3 20  9 14 25

99: 
  1  6 11 20 23
 12 19 22  5 10
  7  2 15 24 21
 18 13  4  9 16
  3  8 17 14 25

100: 
  1  6 11 18 23
 12 17 22  5 10
  7  2 13 24 19
 16 21  4  9 14
  3  8 15 20 25

101: 
  1  6 19 14 23
 18 13 22  5 20
  7  2  9 24 15
 12 17  4 21 10
  3  8 11 16 25

102: 
  1  6 17 12 23
 16 11 22  5 18
 21  2  7 24 13
 10 15  4 19  8
  3 20  9 14 25

103: 
  1 12 17 10 23
 18  9 22  5 16
 13  2 11 24 21
  8 19  4 15  6
  3 14  7 20 25

104: 
  1 18 15 10 23
 14  9 22  5 16
 19  2 17 24 11
  8 13  4 21  6
  3 20  7 12 25

105: 
  1 20 15 10 23
 14  9 22  5 16
 21  2 19 24 11
  8 13  4 17  6
  3 18  7 12 25

106: 
  1 14 19 10 23
 20  9 22  5 18
 15  2 13 24 11
  8 21  4 17  6
  3 16  7 12 25

107: 
  1 10 15 20 23
 16  5 22  9 14
 11  2 19 24 21
  6 17  4 13  8
  3 12  7 18 25

108: 
  1 10 15 18 23
 16  5 22  9 14
 11  2 17 24 19
  6 21  4 13  8
  3 12  7 20 25

109: 
  1 10 19 14 23
 18  5 22  9 20
 11  2 13 24 15
  6 17  4 21  8
  3 12  7 16 25

110: 
  1 10 17 12 23
 16  5 22  9 18
 21  2 11 24 13
  6 15  4 19  8
  3 20  7 14 25

111: 
  1 12 17  6 23
 18  5 22 11 16
 13  2  7 24 21
  8 19  4 15 10
  3 14  9 20 25

112: 
  1 18 11  6 23
 10  5 22 17 12
 19  2 13 24  7
 14  9  4 21 16
  3 20 15  8 25

113: 
  1 20 11  6 23
 10  5 22 19 12
 21  2 15 24  7
 16  9  4 13 18
  3 14 17  8 25

114: 
  1 14 19  6 23
 20  5 22 13 18
 15  2  9 24  7
 10 21  4 17 12
  3 16 11  8 25

115: 
  1 10 15  6 21
 16  5 20  9 14
 11  2  7 22 19
  4 17 24 13  8
 25 12  3 18 23

116: 
  1 16 11  6 21
 10  5 20 15 12
 17  2 13 22  7
  4  9 24 19 14
 25 18  3  8 23

117: 
  1 18 11  6 21
 10  5 20 17 12
 19  2 15 22  7
  4  9 24 13 16
 25 14  3  8 23

118: 
  1 12 17  6 21
 18  5 20 11 16
 13  2  9 22  7
  4 19 24 15 10
 25 14  3  8 23

119: 
  1  6 11 18 21
 12 17 20  5 10
  7  2 15 22 19
 16 13 24  9  4
 25  8  3 14 23

120: 
  1  6 11 16 21
 12 15 20  5 10
  7  2 13 22 17
 14 19 24  9  4
 25  8  3 18 23

121: 
  1  6 17 12 21
 16 11 20  5 18
  7  2  9 22 13
 10 15 24 19  4
 25  8  3 14 23

122: 
  1  6 15 10 21
 14  9 20  5 16
 19  2  7 22 11
  8 13 24 17  4
 25 18  3 12 23

123: 
  1 18  7 12 21
  8 13 20 17  6
 19  2  5 22 11
 14  9 24  3 16
 25  4 15 10 23

124: 
  1  6 15 12 21
 16 11 20  7 14
  5  2 13 22 19
 10 17 24  3  8
 25  4  9 18 23

125: 
  1  6 17 12 21
 18 11 20  7 16
  5  2 15 22 13
 10 19 24  3  8
 25  4  9 14 23

126: 
  1 16  5 10 21
  6 11 20 15  4
 19  2 17 22  9
 12  7 24  3 14
 25 18 13  8 23

127: 
  1 12  5 18 21
  6 17 20 13  4
 11  2  9 22 19
 16  7 24  3 14
 25 10 15  8 23

128: 
  1 10  5 16 21
  6 15 20 11  4
  9  2  7 22 17
 14 19 24  3 12
 25  8 13 18 23

129: 
  1  4  9 18 21
 10 17 20  3  8
  5  2 13 22 19
 16 11 24  7 14
 25  6 15 12 23

130: 
  1  4  9 16 21
 10 15 20  3  8
  5  2 11 22 17
 14 19 24  7 12
 25  6 13 18 23

131: 
  1  4 17 12 21
 16 11 20  3 18
  5  2  7 22 13
 10 15 24 19  8
 25  6  9 14 23

132: 
  1  4 15 10 21
 14  9 20  3 16
 19  2  5 22 11
  8 13 24 17  6
 25 18  7 12 23

133: 
  1 10 15  8 21
 16  7 20  3 14
 11  2  9 22 19
  6 17 24 13  4
 25 12  5 18 23

134: 
  1 16 13  8 21
 12  7 20  3 14
 17  2 15 22  9
  6 11 24 19  4
 25 18  5 10 23

135: 
  1 18 13  8 21
 12  7 20  3 14
 19  2 17 22  9
  6 11 24 15  4
 25 16  5 10 23

136: 
  1 12 17  8 21
 18  7 20  3 16
 13  2 11 22  9
  6 19 24 15  4
 25 14  5 10 23

137: 
  1 14  3  8 21
  4  9 20 13 18
 15  2 17 22  7
 10  5 24 19 12
 25 16 11  6 23

138: 
  1 14  3  8 21
  4  9 20 13 16
 19  2 15 22  7
 10  5 24 17 12
 25 18 11  6 23

139: 
  1 12  3 18 21
  4 17 20 13  8
 11  2  7 22 19
 16  5 24  9 14
 25 10 15  6 23

140: 
  1 10  3 16 21
  4 15 20 11  6
  9  2  5 22 17
 14 19 24  7 12
 25  8 13 18 23

141: 
  1 16  3 10 21
  6 11 20 15  4
 17  2  5 22  9
 12  7 24 19 14
 25 18 13  8 23

142: 
  1 18  3 12 21
  8 13 20 17  4
 19  2  7 22 11
 14  9 24  5 16
 25  6 15 10 23

143: 
  1  8  3 14 21
 16 13 20  9  4
  7  2 15 22 19
 12 17 24  5 10
 25  6 11 18 23

144: 
  1  8  3 14 21
 18 13 20  9  4
  7  2 17 22 15
 12 19 24  5 10
 25  6 11 16 23

145: 
  1 18  7 12 25
  8 13  2 19  6
  3 20 17 24 11
 14  9 22  5 16
 21  4 15 10 23

146: 
  1 16  7 12 25
  8 13  2 17  6
  3 20 15 24 11
 14  9 22  5 18
 21  4 19 10 23

147: 
  1  8 19 14 25
 18 13  2  9  6
  3 20  7 24 15
 12 17 22  5 10
 21  4 11 16 23

148: 
  1  6 17 12 25
 16 11  2  7 18
  3 20  5 24 13
 10 15 22 19  8
 21  4  9 14 23

149: 
  1  4  9 14 25
 10 15  2 19  8
  3 20  5 24 13
 16 11 22  7 18
 21  6 17 12 23

150: 
  1  4 11 16 25
 12 17  2  5 10
  3 20  7 24 15
 18 13 22  9  6
 21  8 19 14 23

151: 
  1  4 19 10 25
 14  9  2  5 18
  3 20 15 24 11
  8 13 22 17  6
 21 16  7 12 23

152: 
  1  4 15 10 25
 14  9  2  5 16
  3 20 17 24 11
  8 13 22 19  6
 21 18  7 12 23

153: 
  1 18 13  6 25
 12  7  2 19 14
 17 20 11 24  5
  8  3 22 15 10
 21 16  9  4 23

154: 
  1 12 19  6 25
 18  7  2 11 16
 13 20 17 24  5
  8  3 22 15 10
 21 14  9  4 23

155: 
  1 12 17  6 25
 16  7  2 11 18
 13 20 15 24  5
  8  3 22 19 10
 21 14  9  4 23

156: 
  1 16 11  6 25
 10  7  2 17 12
 15 20  9 24  5
  8  3 22 13 18
 21 14 19  4 23

157: 
  1 14 19  8 25
  4  9  2 13 18
 15 20  5 24  7
 10  3 22 17 12
 21 16 11  6 23

158: 
  1 16  5 10 25
  4 11  2 15  6
 17 20  7 24  9
 12  3 22 19 14
 21 18 13  8 23

159: 
  1 10  5 14 25
  4 15  2 19  6
  9 20 11 24 13
 16  3 22  7 18
 21  8 17 12 23

160: 
  1 10  5 16 25
  4 17  2 11  6
  9 20 13 24 15
 18  3 22  7 12
 21  8 19 14 23

161: 
  1  6  9 14 25
 10 15  2 19  8
  5 20  7 24 13
 16 11 22  3 18
 21  4 17 12 23

162: 
  1  6 11 16 25
 12 17  2  7 10
  5 20  9 24 15
 18 13 22  3  8
 21  4 19 14 23

163: 
  1  6 19 12 25
 16 11  2  7 18
  5 20 17 24 13
 10 15 22  3  8
 21  4  9 14 23

164: 
  1 18  5 10 25
  6 11  2 19  4
 17 20 15 24  9
 12  7 22  3 14
 21 16 13  8 23

165: 
  1 16  5 10 25
  6 11  2 17  4
 15 20 13 24  9
 12  7 22  3 18
 21 14 19  8 23

166: 
  1  8 19 14 25
 18 13  2  9  4
  7 20  5 24 15
 12 17 22  3 10
 21  6 11 16 23

167: 
  1 14 19  8 25
  6  9  2 13 18
 15 20  7 24  3
 10  5 22 17 12
 21 16 11  4 23

168: 
  1 16  7 10 25
  6 11  2 15  8
 17 20  9 24  3
 12  5 22 19 14
 21 18 13  4 23

169: 
  1 12  7 14 25
  6 15  2 19  8
 11 20 13 24  3
 16  5 22  9 18
 21 10 17  4 23

170: 
  1 12  7 16 25
  6 17  2 13  8
 11 20 15 24  3
 18  5 22  9 14
 21 10 19  4 23

171: 
  1 18 13  4 25
 12  5  2 19 14
 17 20  9 24  3
  6 11 22 15  8
 21 16  7 10 23

172: 
  1 10 19  4 25
 18  5  2  9 14
 11 20 15 24  3
  6 17 22 13  8
 21 12  7 16 23

173: 
  1 10 17  4 25
 16  5  2  9 18
 11 20 13 24  3
  6 15 22 19  8
 21 12  7 14 23

174: 
  1 16 11  4 25
 10  5  2 17 12
 15 20  7 24  3
  6  9 22 13 18
 21 14 19  8 23

175: 
  1 20 15 10  3
 14  5  2 21 16
 19 22  9  4 11
  6 13 24 17  8
 23 18  7 12 25

176: 
  1 10 21 16  3
 20  5  2  9 14
 11 22 15  4 17
  6 19 24 13  8
 23 12  7 18 25

177: 
  1 10 19 14  3
 18  5  2  9 20
 11 22 13  4 15
  6 17 24 21  8
 23 12  7 16 25

178: 
  1 18 13  8  3
 12  5  2 19 14
 17 22  7  4  9
  6 11 24 15 20
 23 16 21 10 25

179: 
  1 16 21  6  3
 10  5  2 15 20
 17 22 11  4  7
 12  9 24 19 14
 23 18 13  8 25

180: 
  1 18 11  6  3
 10  5  2 17 12
 19 22 13  4  7
 14  9 24 21 16
 23 20 15  8 25

181: 
  1 16 11  6  3
 10  5  2 21 12
 15 22 17  4  7
 18  9 24 13 20
 23 14 19  8 25

182: 
  1 16 11  6  3
 10  5  2 17 12
 15 22 19  4  7
 20  9 24 13 18
 23 14 21  8 25

183: 
  1 20 15  8  3
 14  9  2 21 16
 19 22 13  4  7
 10  5 24 17 12
 23 18 11  6 25

184: 
  1 14 21  8  3
 20  9  2 13 18
 15 22 19  4  7
 10  5 24 17 12
 23 16 11  6 25

185: 
  1 14 19  8  3
 18  9  2 13 20
 15 22 17  4  7
 10  5 24 21 12
 23 16 11  6 25

186: 
  1 18 13  8  3
 12  9  2 19 14
 17 22 11  4  7
 10  5 24 15 20
 23 16 21  6 25

187: 
  1 16 21 10  3
  6 11  2 15 20
 17 22  7  4  9
 12  5 24 19 14
 23 18 13  8 25

188: 
  1 18  7 12  3
  6 13  2 17  8
 19 22  9  4 11
 14  5 24 21 16
 23 20 15 10 25

189: 
  1 12  7 16  3
  6 17  2 21  8
 11 22 13  4 15
 18  5 24  9 20
 23 10 19 14 25

190: 
  1 12  7 18  3
  6 19  2 13  8
 11 22 15  4 17
 20  5 24  9 14
 23 10 21 16 25

191: 
  1 16 21  8  3
 12  7  2 15 20
 17 22 13  4  9
  6 11 24 19 14
 23 18  5 10 25

192: 
  1 18 13  8  3
 12  7  2 17 14
 19 22 15  4  9
  6 11 24 21 16
 23 20  5 10 25

193: 
  1 18 13  8  3
 12  7  2 21 14
 17 22 19  4  9
  6 11 24 15 20
 23 16  5 10 25

194: 
  1 20 15 10  3
 14  9  2 21 16
 19 22  7  4 11
  8 13 24 17  6
 23 18  5 12 25

195: 
  1  8 21 16  3
 20 15  2  7 12
  9 22 13  4 17
 14 19 24 11  6
 23 10  5 18 25

196: 
  1  8 19 14  3
 18 13  2  7 20
  9 22 11  4 15
 12 17 24 21  6
 23 10  5 16 25

197: 
  1 22 11 16  3
 12 17  2 23 10
  7 24 21  4 15
 18 13  6  9 20
 25  8 19 14  5

198: 
  1 20 11 16  3
 12 17  2 21 10
  7 24 19  4 15
 18 13  6  9 22
 25  8 23 14  5

199: 
  1 12 23 18  3
 22 17  2 13 10
  7 24 11  4 19
 16 21  6  9 14
 25  8 15 20  5

200: 
  1 10 21 16  3
 20 15  2 11 22
  7 24  9  4 17
 14 19  6 23 12
 25  8 13 18  5

201: 
  1  8 13 18  3
 14 19  2 23 12
  7 24  9  4 17
 20 15  6 11 22
 25 10 21 16  5

202: 
  1  8 15 20  3
 16 21  2  9 14
  7 24 11  4 19
 22 17  6 13 10
 25 12 23 18  5

203: 
  1  8 23 14  3
 18 13  2  9 22
  7 24 19  4 15
 12 17  6 21 10
 25 20 11 16  5

204: 
  1  8 19 14  3
 18 13  2  9 20
  7 24 21  4 15
 12 17  6 23 10
 25 22 11 16  5

205: 
  1 14 19 24  3
 20 25  2 13 18
 15  8 11  4 23
 10 21  6 17 12
  7 16  9 22  5

206: 
  1 16 21 12  3
 22 11  2 15 20
 17  8 13  4 25
 10 23  6 19 14
  7 18  9 24  5

207: 
  1 20 25 12  3
 16 11  2 19 24
 21  8 17  4 13
 10 15  6 23 18
  7 22  9 14  5

208: 
  1 22 17 12  3
 16 11  2 21 18
 23  8 19  4 13
 10 15  6 25 20
  7 24  9 14  5

209: 
  1 24 17 12  3
 16 11  2 23 18
 25  8 21  4 13
 10 15  6 19 22
  7 20  9 14  5

210: 
  1 18 23 12  3
 24 11  2 17 22
 19  8 15  4 13
 10 25  6 21 16
  7 20  9 14  5

211: 
  1 24 19 14  3
 18 13  2 25 20
 23  8 11  4 15
 12 17  6 21 10
  7 22  9 16  5

212: 
  1 12 17 22  3
 18 23  2 11 16
 13  8 25  4 21
 24 19  6 15 10
  7 14  9 20  5

213: 
  1 12 17 22  3
 18 25  2 11 16
 13  8 23  4 21
 24 19  6 15 10
  7 14  9 20  5

214: 
  1 12 17 22  3
 18 21  2 11 16
 13  8 19  4 23
 20 25  6 15 10
  7 14  9 24  5

215: 
  1 12 25 20  3
 24 19  2 11 16
 13  8 17  4 21
 18 23  6 15 10
  7 14  9 22  5

216: 
  1 12 23 18  3
 22 17  2 11 24
 13  8 15  4 19
 16 21  6 25 10
  7 14  9 20  5

217: 
  1 12 21 16  3
 20 15  2 11 22
 25  8 13  4 17
 14 19  6 23 10
  7 24  9 18  5

218: 
  1 24 13 18  3
 14 19  2 23 12
 25  8 11  4 17
 20 15  6  9 22
  7 10 21 16  5

219: 
  1 12 15 20  3
 16 21  2 25 14
 11  8 13  4 19
 22 17  6  9 24
  7 10 23 18  5

220: 
  1 12 17 22  3
 18 23  2 13 16
 11  8 15  4 21
 24 19  6  9 14
  7 10 25 20  5

221: 
  1 12 19 24  3
 20 25  2 13 18
 11  8 17  4 23
 16 21  6  9 14
  7 10 15 22  5

222: 
  1 12 21 18  3
 22 17  2 13 20
 11  8 19  4 25
 16 23  6  9 14
  7 10 15 24  5

223: 
  1 12 25 18  3
 22 17  2 13 24
 11  8 23  4 19
 16 21  6  9 14
  7 10 15 20  5

224: 
  1 12 23 18  3
 22 17  2 13 24
 11  8 25  4 19
 16 21  6  9 14
  7 10 15 20  5

225: 
  1 12 23 18  3
 24 17  2 13 22
 11  8 21  4 19
 16 25  6  9 14
  7 10 15 20  5

226: 
  1 24 11 16  3
 12 17  2 25 10
 23  8 21  4 15
 18 13  6  9 20
  7 22 19 14  5

227: 
  1 22 11 16  3
 12 17  2 23 10
 21  8 19  4 15
 18 13  6  9 24
  7 20 25 14  5

228: 
  1 20 11 16  3
 12 25  2 21 10
 19  8 17  4 15
 24 13  6  9 22
  7 18 23 14  5

229: 
  1 18 11 24  3
 12 23  2 19 10
 17  8 15  4 25
 22 13  6  9 20
  7 16 21 14  5

230: 
  1 16 11 22  3
 12 21  2 17 10
 15  8 13  4 23
 20 25  6  9 18
  7 14 19 24  5

231: 
  1 14 25 20  3
 24 19  2 15 10
 13  8 11  4 21
 18 23  6  9 16
  7 12 17 22  5

232: 
  1 10 15 20  3
 16 21  2  9 14
 11  8 25  4 19
 22 17  6 13 24
  7 12 23 18  5

233: 
  1 10 15 20  3
 16 21  2  9 14
 11  8 23  4 19
 22 17  6 13 24
  7 12 25 18  5

234: 
  1 10 15 20  3
 16 25  2  9 14
 11  8 21  4 19
 24 17  6 13 22
  7 12 23 18  5

235: 
  1 10 15 24  3
 16 23  2  9 14
 11  8 19  4 25
 22 17  6 13 20
  7 12 21 18  5

236: 
  1 10 15 22  3
 16 21  2  9 14
 11  8 17  4 23
 20 25  6 13 18
  7 12 19 24  5

237: 
  1 10 25 20  3
 24 19  2  9 14
 11  8 15  4 21
 18 23  6 13 16
  7 12 17 22  5

238: 
  1 10 23 18  3
 22 17  2  9 24
 11  8 13  4 19
 16 21  6 25 14
  7 12 15 20  5

239: 
  1 10 21 16  3
 20 15  2  9 22
 25  8 11  4 17
 14 19  6 23 12
  7 24 13 18  5

240: 
  1 12 17 22  3
 18 23  2  9 16
 13  8 11  4 21
 24 19  6 15 10
  7 14 25 20  5

241: 
  1 14 19 24  3
 20 25  2  9 18
 15  8 13  4 23
 12 21  6 17 10
  7 16 11 22  5

242: 
  1 16 21 14  3
 22 13  2  9 20
 17  8 15  4 25
 12 23  6 19 10
  7 18 11 24  5

243: 
  1 20 25 14  3
 18 13  2  9 24
 21  8 19  4 15
 12 17  6 23 10
  7 22 11 16  5

244: 
  1 22 19 14  3
 18 13  2  9 20
 23  8 21  4 15
 12 17  6 25 10
  7 24 11 16  5

245: 
  1 24 19 14  3
 18 13  2  9 20
 25  8 23  4 15
 12 17  6 21 10
  7 22 11 16  5

246: 
  1 18 23 14  3
 24 13  2  9 22
 19  8 17  4 15
 12 25  6 21 10
  7 20 11 16  5

247: 
  1 24  9 14  3
 10 15  2 25 20
 23  8 19  4 13
 16 11  6 21 18
  7 22 17 12  5

248: 
  1 20  9 14  3
 10 15  2 19 24
 21  8 25  4 13
 16 11  6 23 18
  7 22 17 12  5

249: 
  1 20  9 14  3
 10 15  2 19 24
 21  8 23  4 13
 16 11  6 25 18
  7 22 17 12  5

250: 
  1 20  9 14  3
 10 15  2 19 22
 25  8 21  4 13
 16 11  6 23 18
  7 24 17 12  5

251: 
  1 22  9 14  3
 10 15  2 23 18
 21  8 17  4 13
 16 11  6 19 24
  7 20 25 12  5

252: 
  1 20  9 14  3
 10 25  2 21 16
 19  8 15  4 13
 24 11  6 17 22
  7 18 23 12  5

253: 
  1 18  9 24  3
 10 23  2 19 14
 17  8 13  4 25
 22 11  6 15 20
  7 16 21 12  5

254: 
  1 16  9 22  3
 10 21  2 17 12
 15  8 11  4 23
 20 25  6 13 18
  7 14 19 24  5

255: 
  1 22  9 16  3
 12 17  2 21 10
 23  8 11  4 15
 18 13  6 25 20
  7 24 19 14  5

256: 
  1 24  9 18  3
 14 19  2 23 10
 25  8 13  4 17
 20 15  6 11 22
  7 12 21 16  5

257: 
  1 14  9 20  3
 16 21  2 25 10
 13  8 15  4 19
 22 17  6 11 24
  7 12 23 18  5

258: 
  1 14  9 22  3
 18 23  2 15 10
 13  8 17  4 21
 24 19  6 11 16
  7 12 25 20  5

259: 
  1 14  9 24  3
 20 25  2 15 10
 13  8 19  4 23
 18 21  6 11 16
  7 12 17 22  5

260: 
  1 14  9 20  3
 22 19  2 15 10
 13  8 21  4 25
 18 23  6 11 16
  7 12 17 24  5

261: 
  1 18 23 12  3
 10 13  2 17 22
 19 24 11  4  7
 14  9  6 21 16
 25 20 15  8  5

262: 
  1 20 11 14  3
 10 15  2 19 12
 21 24 13  4  7
 16  9  6 23 18
 25 22 17  8  5

263: 
  1 16 11 18  3
 10 19  2 23 12
 15 24 17  4  7
 20  9  6 13 22
 25 14 21  8  5

264: 
  1 16 11 20  3
 10 21  2 17 12
 15 24 19  4  7
 22  9  6 13 18
 25 14 23  8  5

265: 
  1 22 17  8  3
 16  9  2 23 18
 21 24 13  4  7
 10 15  6 19 12
 25 20 11 14  5

266: 
  1 14 23  8  3
 22  9  2 13 18
 15 24 19  4  7
 10 21  6 17 12
 25 16 11 20  5

267: 
  1 14 21  8  3
 20  9  2 13 22
 15 24 17  4  7
 10 19  6 23 12
 25 16 11 18  5

268: 
  1 20 15  8  3
 14  9  2 21 16
 19 24 11  4  7
 10 13  6 17 22
 25 18 23 12  5

269: 
  1  8 13 18  3
 14 19  2  7 12
  9 24 21  4 17
 20 15  6 11 22
 25 10 23 16  5

270: 
  1  8 23 18  3
 22 17  2  7 12
  9 24 13  4 19
 16 21  6 11 14
 25 10 15 20  5

271: 
  1  8 21 16  3
 20 15  2  7 22
  9 24 11  4 17
 14 19  6 23 12
 25 10 13 18  5

272: 
  1 10 15 20  3
 16 21  2  7 14
 11 24  9  4 19
 22 17  6 13  8
 25 12 23 18  5

273: 
  1 18 23 12  3
 16 11  2  7 22
 19 24 17  4 13
 10 15  6 21  8
 25 20  9 14  5

274: 
  1 20 17 12  3
 16 11  2  7 18
 21 24 19  4 13
 10 15  6 23  8
 25 22  9 14  5

275: 
  1 22 17 12  3
 16  7  2 23 18
 21 24 11  4 13
  8 15  6 19 10
 25 20  9 14  5

276: 
  1 12 23 18  3
 22  7  2 11 16
 13 24 17  4 19
  8 21  6 15 10
 25 14  9 20  5

277: 
  1 12 21 16  3
 20  7  2 11 22
 13 24 15  4 17
  8 19  6 23 10
 25 14  9 18  5

278: 
  1 20 15 10  3
 14  7  2 21 16
 19 24  9  4 11
  8 13  6 17 22
 25 18 23 12  5

279: 
  1 18 23  8  3
 12  7  2 17 22
 19 24 13  4  9
 14 11  6 21 16
 25 20 15 10  5

280: 
  1 20 13  8  3
 12  7  2 19 14
 21 24 15  4  9
 16 11  6 23 18
 25 22 17 10  5

281: 
  1 18 13  8  3
 12  7  2 23 14
 17 24 19  4  9
 20 11  6 15 22
 25 16 21 10  5

282: 
  1 18 13  8  3
 12  7  2 19 14
 17 24 21  4  9
 22 11  6 15 20
 25 16 23 10  5

283: 
  1 20  5 10  3
  6 11  2 21 16
 19 22 15  4  9
 12  7 24 17 14
 23 18 13  8 25

284: 
  1 16  5 10  3
  6 11  2 15 20
 17 22 19  4  9
 12  7 24 21 14
 23 18 13  8 25

285: 
  1 18  5 10  3
  6 11  2 19 14
 17 22 13  4  9
 12  7 24 15 20
 23 16 21  8 25

286: 
  1 18  5 12  3
  8 13  2 17  6
 19 22  7  4 11
 14  9 24 21 16
 23 20 15 10 25

287: 
  1 10  5 16  3
 12 17  2 21  6
  9 22 11  4 15
 18 13 24  7 20
 23  8 19 14 25

288: 
  1 10  5 18  3
 14 19  2 11  6
  9 22 13  4 17
 20 15 24  7 12
 23  8 21 16 25

